                        01                  19
                       818                  108
                       0191                1909
                      11018                90191
                      10099       11       80018
                      08100      0890      19011
                      011981     9801     190181
                     1990081    108081    1081901
                     1000091    100911    1000001
                     1981990    190089    1901981
                     1990010    008888    1801101
                     1980000    088988    1001001
                     0911101 1  090198  1 1890891
                     0001810 88 818190 01 1811100
                     1090011 191189101109 1811010
                      101001 081888888880 109111
                   0188   1191 89889099 1881   1900
                   11191000001 99900181 10081089011
                       191  11180088081890  119
                      11191  1  089198  1  00801
                      980101   11100111   191198
              09991    080 101 009  900 100 101    00990
            1 10011100  1981110 100101 1111981  18111891 1
            11 081 1889  1199111 1189 1118911  8191 180 11
             1 080 9880 01911111 8100 10011010 8981 010 8
         18010 0881 8891989    11998981    8191891 1900 18911
       1889811090191 1981001     0108     1910991 1119010980081
     1919190000  19011 0989889 10988111 1090080 19101  1818809181
   181019101       1991 91881100 1990 10811819 1891       110918001
 0911               881 011901100 00 010801198 111               1091
                  99811911   10910  81911   11811808
                 88001901       100190       10810989
                181109981      11989190      100800181
                1918911        00998010        1008091
               089101          09081901          181090
               1101             100101             1900
              081               111011               111
             11                  9198                  01
                                 1011
                                  80
                                  11
