               19            11
               98            10
               810          110
              0198    00    8010
              0900   1901   9000
              8810   0801   8910
              1988   1099   9911
              0981   9899   0189
              0189 0 8108 0 8190
              9081 10808898 1891
             01110100908800111101
             00101918810891010101
               01  10180101  99
               000   1001   911
         18011 1811111118111191 11811
        1181101 19111100111081 1111011
       11 98110110  109101  80199190 01
     11988981108011  1881  11991110998999
  1800001   1110099111981199811111   0188111
 11          08189810011011190110          11
           080001    9100    100181
           11101    101801    01100
          0101      108811      1001
         100         1919         191
         0           1981           1
                      19
                      11
